 4.000000000000000 2.749295227359546E-02 2.101123895116595E-02 6.037621769131483E-04 1.831348802839964E-03 2.039312712394053E-04 1.688800678033664E-04 1.788024150297201E-04 8.752288566399442E-05
 3.900000000000000 2.613264211369143E-02 2.110431159390485E-02 7.578000623819100E-04 2.541394643438810E-03 2.434670814256777E-04 2.277541095538543E-04 2.845339195370367E-04 0.000000000000000E+00
 3.800000000000000 2.476671251812023E-02 1.916030608266753E-02 9.588186396845386E-04 2.930613364178620E-03 3.191742596070566E-04 3.158285405553951E-04 4.353968475734701E-04 0.000000000000000E+00
 3.700000000000000 2.340206644043715E-02 1.367570198749412E-02 1.147600845058999E-03 1.786145748509262E-03 3.462459057875689E-04 3.234329998789922E-04 3.244372166936545E-04 0.000000000000000E+00
 3.600000000000000 2.204637971779152E-02 7.337331727339191E-03 1.191053476665802E-03 6.013197169051923E-04 2.247801709647887E-04 2.043022897679026E-04 4.661758794947508E-05 0.000000000000000E+00
 3.500000000000000 2.070792038018728E-02 3.561987830956679E-03 1.046119318687203E-03 2.215740697761817E-04 1.212832524751540E-04 1.153392386065673E-04 0.000000000000000E+00 0.000000000000000E+00
 3.400000000000000 1.939524544072812E-02 1.843458919032543E-03 8.311857957458051E-04 1.071396034783909E-04 7.233016009419512E-05 7.139733085370306E-05 0.000000000000000E+00 0.000000000000000E+00
 3.300000000000000 1.811690465914905E-02 1.066437055975598E-03 6.431955003917045E-04 6.442773670283799E-05 4.968048119809786E-05 4.927163593642655E-05 0.000000000000000E+00 0.000000000000000E+00
 3.200000000000000 1.688107346789326E-02 6.858487962847983E-04 5.035995254850587E-04 4.537770226203467E-05 3.854955395709972E-05 3.677121486205736E-05 0.000000000000000E+00 0.000000000000000E+00
 3.100000000000000 1.569520309191534E-02 4.821077718071105E-04 4.037232105864653E-04 3.587715379602067E-05 3.298148116521084E-05 2.797220300194827E-05 0.000000000000000E+00 0.000000000000000E+00
 3.000000000000000 1.456572503488872E-02 3.646045564039733E-04 3.308663048641022E-04 3.091779144427611E-05 3.045565462596723E-05 1.742605035779863E-05 0.000000000000000E+00 0.000000000000000E+00
 2.900000000000000 1.349779530962850E-02 2.930285639141797E-04 2.746740395432122E-04 2.841301134871246E-05 2.972169910342955E-05 0.000000000000000E+00 0.000000000000000E+00 0.000000000000000E+00
 2.800000000000000 1.249518636416992E-02 2.479858704403137E-04 2.275752287644718E-04 2.731796958740010E-05 2.984306651146589E-05 0.000000000000000E+00 0.000000000000000E+00 0.000000000000000E+00
 2.700000000000000 1.156024412867312E-02 2.195241182822038E-04 1.847501764079373E-04 2.693337607541516E-05 2.965998212129047E-05 0.000000000000000E+00 0.000000000000000E+00 0.000000000000000E+00
 2.600000000000000 1.069399233295706E-02 2.023272749937978E-04 1.448015397233111E-04 2.666314152064166E-05 2.771888157250254E-05 0.000000000000000E+00 0.000000000000000E+00 0.000000000000000E+00
 2.500000000000000 9.896305532409142E-03 1.935779696732342E-04 1.097186402174802E-04 2.609609467114559E-05 2.284207676152734E-05 0.000000000000000E+00 0.000000000000000E+00 0.000000000000000E+00
 2.400000000000000 9.166166584360745E-03 1.919857356316984E-04 8.232881427248557E-05 2.522879103850632E-05 1.379939288013888E-05 0.000000000000000E+00 0.000000000000000E+00 0.000000000000000E+00
 2.300000000000000 8.501927612032561E-03 1.973963547295605E-04 6.342996134697527E-05 2.445475105926384E-05 0.000000000000000E+00 0.000000000000000E+00 0.000000000000000E+00 0.000000000000000E+00
 2.200000000000000 7.901511955554445E-03 2.107717906559945E-04 5.180178597286736E-05 2.431379018785208E-05 0.000000000000000E+00 0.000000000000000E+00 0.000000000000000E+00 0.000000000000000E+00
 2.100000000000000 7.362339806002008E-03 2.345175577750111E-04 4.584844249132667E-05 2.537428204415189E-05 0.000000000000000E+00 0.000000000000000E+00 0.000000000000000E+00 0.000000000000000E+00
 2.000000000000000 6.880282222996124E-03 2.732325605631533E-04 4.474793043067308E-05 2.838271376425357E-05 0.000000000000000E+00 0.000000000000000E+00 0.000000000000000E+00 0.000000000000000E+00
 1.900000000000000 6.445237907234751E-03 3.346089245517898E-04 4.910674047301575E-05 3.440397856102083E-05 0.000000000000000E+00 0.000000000000000E+00 0.000000000000000E+00 0.000000000000000E+00
 1.800000000000000 6.023809629683572E-03 4.260360257705252E-04 6.177432119134663E-05 4.113875013390688E-05 0.000000000000000E+00 0.000000000000000E+00 0.000000000000000E+00 0.000000000000000E+00
 1.700000000000000 5.491847419868584E-03 5.099468603232964E-04 8.510183016347168E-05 0.000000000000000E+00 0.000000000000000E+00 0.000000000000000E+00 0.000000000000000E+00 0.000000000000000E+00
 1.600000000000000 4.443151032492937E-03 3.635650467810105E-04 8.498014853156018E-05 0.000000000000000E+00 0.000000000000000E+00 0.000000000000000E+00 0.000000000000000E+00 0.000000000000000E+00
 1.500000000000000 2.527968158987565E-03 1.217209525233399E-04 3.931258119733822E-05 0.000000000000000E+00 0.000000000000000E+00 0.000000000000000E+00 0.000000000000000E+00 0.000000000000000E+00
 1.400000000000000 1.025053842972153E-03 4.271398689313013E-05 1.200365709834289E-05 0.000000000000000E+00 0.000000000000000E+00 0.000000000000000E+00 0.000000000000000E+00 0.000000000000000E+00
 1.300000000000000 4.198382426931981E-04 1.974299911112991E-05 0.000000000000000E+00 0.000000000000000E+00 0.000000000000000E+00 0.000000000000000E+00 0.000000000000000E+00 0.000000000000000E+00
 1.200000000000000 1.952873167604936E-04 1.120673636783674E-05 0.000000000000000E+00 0.000000000000000E+00 0.000000000000000E+00 0.000000000000000E+00 0.000000000000000E+00 0.000000000000000E+00
 1.100000000000000 1.009238691880077E-04 7.238392797179364E-06 0.000000000000000E+00 0.000000000000000E+00 0.000000000000000E+00 0.000000000000000E+00 0.000000000000000E+00 0.000000000000000E+00
 1.000000000000000 5.577086609194001E-05 4.966431729387235E-06 0.000000000000000E+00 0.000000000000000E+00 0.000000000000000E+00 0.000000000000000E+00 0.000000000000000E+00 0.000000000000000E+00
 0.9000000000000000 3.174105818861833E-05 3.305255370639100E-06 0.000000000000000E+00 0.000000000000000E+00 0.000000000000000E+00 0.000000000000000E+00 0.000000000000000E+00 0.000000000000000E+00
 0.8000000000000000 1.782412452084610E-05 1.757516700504283E-06 0.000000000000000E+00 0.000000000000000E+00 0.000000000000000E+00 0.000000000000000E+00 0.000000000000000E+00 0.000000000000000E+00
 0.7000000000000001 9.403382351919658E-06 0.000000000000000E+00 0.000000000000000E+00 0.000000000000000E+00 0.000000000000000E+00 0.000000000000000E+00 0.000000000000000E+00 0.000000000000000E+00
 0.6000000000000001 4.577260391502689E-06 0.000000000000000E+00 0.000000000000000E+00 0.000000000000000E+00 0.000000000000000E+00 0.000000000000000E+00 0.000000000000000E+00 0.000000000000000E+00
 0.5000000000000000 2.186538147226766E-06 0.000000000000000E+00 0.000000000000000E+00 0.000000000000000E+00 0.000000000000000E+00 0.000000000000000E+00 0.000000000000000E+00 0.000000000000000E+00
 0.4000000000000000 1.094568350242356E-06 0.000000000000000E+00 0.000000000000000E+00 0.000000000000000E+00 0.000000000000000E+00 0.000000000000000E+00 0.000000000000000E+00 0.000000000000000E+00
 0.3000000000000000 5.555977478636499E-07 0.000000000000000E+00 0.000000000000000E+00 0.000000000000000E+00 0.000000000000000E+00 0.000000000000000E+00 0.000000000000000E+00 0.000000000000000E+00
 0.2000000000000000 2.621827148435163E-07 0.000000000000000E+00 0.000000000000000E+00 0.000000000000000E+00 0.000000000000000E+00 0.000000000000000E+00 0.000000000000000E+00 0.000000000000000E+00
 0.1000000000000000 1.017161944177053E-07 0.000000000000000E+00 0.000000000000000E+00 0.000000000000000E+00 0.000000000000000E+00 0.000000000000000E+00 0.000000000000000E+00 0.000000000000000E+00
