 4.000000000000000 1.081901650226821E-02 1.475253963048649E-02 1.584113205701515E-03 6.511628587802034E-04 2.033473172556879E-04 3.520306560984532E-05 4.749652132171931E-05 6.082861254206297E-05
 3.900000000000000 1.050652642124343E-02 1.391140009558438E-02 1.584018311920503E-03 7.803660363589373E-04 2.452702265209624E-04 3.672674532467799E-05 4.591383781133394E-05 4.665254074288953E-05
 3.800000000000000 1.028022059465054E-02 1.310355296084039E-02 1.647864807197952E-03 9.850538281364464E-04 3.532910169018792E-04 4.698130559909443E-05 5.399541679980027E-05 4.039004349132082E-05
 3.700000000000000 1.016259164989808E-02 1.233608360722636E-02 1.805866215596605E-03 1.279412163580468E-03 6.301968703177009E-04 8.280072348159858E-05 8.248791439165523E-05 3.168609179994972E-05
 3.600000000000000 1.019568766503493E-02 1.162143489735237E-02 2.135481117798537E-03 1.448882658538530E-03 1.172447776839692E-03 2.636305824818099E-04 1.896907767013017E-04 0.000000000000000E+00
 3.500000000000000 1.046291000350984E-02 1.098743894112910E-02 2.748216476536929E-03 9.700622121504877E-04 4.785027030377992E-04 6.223359147318745E-04 4.582207290076342E-04 0.000000000000000E+00
 3.400000000000000 1.114784087516550E-02 1.052000206534853E-02 3.472378820093988E-03 4.764305630222709E-04 9.485671776815825E-05 1.537186974920788E-04 1.068419341836180E-04 0.000000000000000E+00
 3.300000000000000 1.268583210841113E-02 1.067759538286141E-02 2.705048537606091E-03 2.701745365410979E-04 3.992920613029835E-05 5.387160290691440E-05 0.000000000000000E+00 0.000000000000000E+00
 3.200000000000000 1.298633133369998E-02 2.045638062009360E-02 1.380921251743613E-03 1.877567518578367E-04 2.515349695567415E-05 2.893728773713897E-05 0.000000000000000E+00 0.000000000000000E+00
 3.100000000000000 7.577061470335349E-03 4.027427903728504E-03 7.161369656911557E-04 1.536267157972948E-04 1.984817742378044E-05 1.981933504828573E-05 0.000000000000000E+00 0.000000000000000E+00
 3.000000000000000 6.967131330133859E-03 9.119552864093256E-04 4.011627139489441E-04 1.411910757811556E-04 1.821753654703689E-05 1.572550123513682E-05 0.000000000000000E+00 0.000000000000000E+00
 2.900000000000000 6.497162634660111E-03 3.781107987683636E-04 2.337105714830972E-04 1.378865936146124E-04 1.899089707347463E-05 1.374879614176408E-05 0.000000000000000E+00 0.000000000000000E+00
 2.800000000000000 6.041786503705430E-03 2.102328002132514E-04 1.376005638669669E-04 1.338372440952746E-04 2.257349424784654E-05 1.287761322312673E-05 0.000000000000000E+00 0.000000000000000E+00
 2.700000000000000 5.605271303944596E-03 1.446680112440828E-04 8.263138638484732E-05 1.208196411453732E-04 3.080089275562732E-05 1.255703848864157E-05 0.000000000000000E+00 0.000000000000000E+00
 2.600000000000000 5.193006764978860E-03 1.170395733112221E-04 5.246730489431604E-05 9.481328364665705E-05 4.562866205737843E-05 1.128015392472370E-05 0.000000000000000E+00 0.000000000000000E+00
 2.500000000000000 4.807798147325480E-03 1.064490332882066E-04 3.625822770969828E-05 6.187909145093898E-05 6.015345181890737E-05 0.000000000000000E+00 0.000000000000000E+00 0.000000000000000E+00
 2.400000000000000 4.450705582977632E-03 1.051711754770462E-04 2.748823845898441E-05 3.735561130456867E-05 5.741436819748645E-05 0.000000000000000E+00 0.000000000000000E+00 0.000000000000000E+00
 2.300000000000000 4.121601414701330E-03 1.105047659432178E-04 2.273425136104807E-05 2.452943488242523E-05 3.817437568453255E-05 0.000000000000000E+00 0.000000000000000E+00 0.000000000000000E+00
 2.200000000000000 3.819220202266337E-03 1.222857507125095E-04 2.032828612761250E-05 1.836090491965009E-05 1.916257324045739E-05 0.000000000000000E+00 0.000000000000000E+00 0.000000000000000E+00
 2.100000000000000 3.540493067548731E-03 1.423893924038915E-04 1.954164978368856E-05 1.539046955975678E-05 5.717111455546349E-06 0.000000000000000E+00 0.000000000000000E+00 0.000000000000000E+00
 2.000000000000000 3.278201911616599E-03 1.754531365257295E-04 2.020562845552970E-05 1.410379898497635E-05 0.000000000000000E+00 0.000000000000000E+00 0.000000000000000E+00 0.000000000000000E+00
 1.900000000000000 3.013790732038846E-03 2.310811191561982E-04 2.267143748532007E-05 1.391269236691361E-05 0.000000000000000E+00 0.000000000000000E+00 0.000000000000000E+00 0.000000000000000E+00
 1.800000000000000 2.696553685845813E-03 3.274404470897151E-04 2.814710434907520E-05 1.466470328186127E-05 0.000000000000000E+00 0.000000000000000E+00 0.000000000000000E+00 0.000000000000000E+00
 1.700000000000000 2.203846087486226E-03 4.843143120025962E-04 3.994468094476228E-05 1.644544853650647E-05 0.000000000000000E+00 0.000000000000000E+00 0.000000000000000E+00 0.000000000000000E+00
 1.600000000000000 1.424776395233511E-03 6.359108924731661E-04 6.717429803758663E-05 1.924443162978776E-05 0.000000000000000E+00 0.000000000000000E+00 0.000000000000000E+00 0.000000000000000E+00
 1.500000000000000 6.737684293904727E-04 5.379782259155674E-04 1.219451477003842E-04 2.021985651775451E-05 0.000000000000000E+00 0.000000000000000E+00 0.000000000000000E+00 0.000000000000000E+00
 1.400000000000000 2.734716463830806E-04 2.360004243212135E-04 1.119656131436157E-04 0.000000000000000E+00 0.000000000000000E+00 0.000000000000000E+00 0.000000000000000E+00 0.000000000000000E+00
 1.300000000000000 1.012344102433302E-04 8.498088191047498E-05 3.639685761167634E-05 0.000000000000000E+00 0.000000000000000E+00 0.000000000000000E+00 0.000000000000000E+00 0.000000000000000E+00
 1.200000000000000 3.426125151024881E-05 3.994244298162552E-05 1.100054239955703E-05 0.000000000000000E+00 0.000000000000000E+00 0.000000000000000E+00 0.000000000000000E+00 0.000000000000000E+00
 1.100000000000000 1.381992348243908E-05 2.308047479039434E-05 4.446304549738878E-06 0.000000000000000E+00 0.000000000000000E+00 0.000000000000000E+00 0.000000000000000E+00 0.000000000000000E+00
 1.000000000000000 7.351827207191715E-06 1.380447731633033E-05 2.315971955006893E-06 0.000000000000000E+00 0.000000000000000E+00 0.000000000000000E+00 0.000000000000000E+00 0.000000000000000E+00
 0.9000000000000000 4.635895356385657E-06 5.057807983009582E-06 0.000000000000000E+00 0.000000000000000E+00 0.000000000000000E+00 0.000000000000000E+00 0.000000000000000E+00 0.000000000000000E+00
 0.8000000000000000 3.180831981039034E-06 0.000000000000000E+00 0.000000000000000E+00 0.000000000000000E+00 0.000000000000000E+00 0.000000000000000E+00 0.000000000000000E+00 0.000000000000000E+00
 0.7000000000000001 2.265875331061260E-06 0.000000000000000E+00 0.000000000000000E+00 0.000000000000000E+00 0.000000000000000E+00 0.000000000000000E+00 0.000000000000000E+00 0.000000000000000E+00
 0.6000000000000001 1.620567155597994E-06 0.000000000000000E+00 0.000000000000000E+00 0.000000000000000E+00 0.000000000000000E+00 0.000000000000000E+00 0.000000000000000E+00 0.000000000000000E+00
 0.5000000000000000 1.124490168894535E-06 0.000000000000000E+00 0.000000000000000E+00 0.000000000000000E+00 0.000000000000000E+00 0.000000000000000E+00 0.000000000000000E+00 0.000000000000000E+00
 0.4000000000000000 7.336063137138445E-07 0.000000000000000E+00 0.000000000000000E+00 0.000000000000000E+00 0.000000000000000E+00 0.000000000000000E+00 0.000000000000000E+00 0.000000000000000E+00
 0.3000000000000000 4.486296886173902E-07 0.000000000000000E+00 0.000000000000000E+00 0.000000000000000E+00 0.000000000000000E+00 0.000000000000000E+00 0.000000000000000E+00 0.000000000000000E+00
 0.2000000000000000 2.555576336583433E-07 0.000000000000000E+00 0.000000000000000E+00 0.000000000000000E+00 0.000000000000000E+00 0.000000000000000E+00 0.000000000000000E+00 0.000000000000000E+00
 0.1000000000000000 1.143296844756080E-07 0.000000000000000E+00 0.000000000000000E+00 0.000000000000000E+00 0.000000000000000E+00 0.000000000000000E+00 0.000000000000000E+00 0.000000000000000E+00
