 4.000000000000000 0.1176652358745579 0.2512829561443583 2.008725641615745E-02 7.344527650325898E-02 1.144669553370993E-02 1.003909411431065E-02 1.119236857892292E-02 5.842769425076393E-03
 3.900000000000000 0.1168679938055846 0.2844261692534392 2.604418867496698E-02 0.1071422452286846 1.410198167131985E-02 1.396422067991339E-02 1.838467933660132E-02 0.000000000000000E+00
 3.800000000000000 0.1159040207527620 0.3039290817716212 3.415368373499417E-02 0.1337388710535609 1.909210592437508E-02 2.000819203470055E-02 2.912713460939113E-02 0.000000000000000E+00
 3.700000000000000 0.1147758864734585 0.2722762503914230 4.264384517188758E-02 9.402314496347410E-02 2.152637267524627E-02 2.135292355570853E-02 2.289796923054013E-02 0.000000000000000E+00
 3.600000000000000 0.1134920270287683 0.1862270091226286 4.667126241782634E-02 3.572763333021337E-02 1.465146077209548E-02 1.416672221243807E-02 3.477199498031206E-03 0.000000000000000E+00
 3.500000000000000 0.1120676684721984 0.1078574088739758 4.367795058098427E-02 1.404137341740151E-02 8.262385951228983E-03 8.373801784958376E-03 0.000000000000000E+00 0.000000000000000E+00
 3.400000000000000 0.1105253914179810 6.235487882728209E-02 3.714339447737795E-02 7.099651660962453E-03 5.128321326872505E-03 5.409439722824736E-03 0.000000000000000E+00 0.000000000000000E+00
 3.300000000000000 0.1088955893047671 3.888058826728188E-02 3.077505489907732E-02 4.440057234705621E-03 3.660805002994550E-03 3.891483892997489E-03 0.000000000000000E+00 0.000000000000000E+00
 3.200000000000000 0.1072165120922083 2.650306296599138E-02 2.579460144501276E-02 3.248092882823673E-03 2.952743814862445E-03 3.027464949962977E-03 0.000000000000000E+00 0.000000000000000E+00
 3.100000000000000 0.1055341014952344 1.959341950794639E-02 2.214964951516749E-02 2.667936593702360E-03 2.628776545183170E-03 2.401496002039284E-03 0.000000000000000E+00 0.000000000000000E+00
 3.000000000000000 0.1039017916560108 1.553032270803478E-02 1.947119764560430E-02 2.390902431639568E-03 2.530196876551011E-03 1.559471751482961E-03 0.000000000000000E+00 0.000000000000000E+00
 2.900000000000000 0.1023803408572987 1.306528607082656E-02 1.737064064596412E-02 2.288234447408738E-03 2.579384636972653E-03 0.000000000000000E+00 0.000000000000000E+00 0.000000000000000E+00
 2.800000000000000 0.1010384081296523 1.157456468646765E-02 1.549078215677516E-02 2.295413782582904E-03 2.712668302142522E-03 0.000000000000000E+00 0.000000000000000E+00 0.000000000000000E+00
 2.700000000000000 9.995400677158588E-02 1.073545612444770E-02 1.354227918684950E-02 2.366282099659951E-03 2.832077729558800E-03 0.000000000000000E+00 0.000000000000000E+00 0.000000000000000E+00
 2.600000000000000 9.921792414694090E-02 1.038333883927355E-02 1.141397169381985E-02 2.455114119450529E-03 2.787712026578157E-03 0.000000000000000E+00 0.000000000000000E+00 0.000000000000000E+00
 2.500000000000000 9.893989464549661E-02 1.044805681421903E-02 9.270304102728527E-03 2.524435784694274E-03 2.423216333992620E-03 0.000000000000000E+00 0.000000000000000E+00 0.000000000000000E+00
 2.400000000000000 9.925944628750404E-02 1.092913084719200E-02 7.426480221759717E-03 2.570000588631171E-03 1.542768248484575E-03 0.000000000000000E+00 0.000000000000000E+00 0.000000000000000E+00
 2.300000000000000 0.1003641617953461 1.189544648824040E-02 6.088551697998127E-03 2.629426853557981E-03 0.000000000000000E+00 0.000000000000000E+00 0.000000000000000E+00 0.000000000000000E+00
 2.200000000000000 0.1025206929290277 1.350929795817826E-02 5.281879582389078E-03 2.766271162039048E-03 0.000000000000000E+00 0.000000000000000E+00 0.000000000000000E+00 0.000000000000000E+00
 2.100000000000000 0.1061277451167552 1.608830123393838E-02 4.965404295250779E-03 3.063562329770741E-03 0.000000000000000E+00 0.000000000000000E+00 0.000000000000000E+00 0.000000000000000E+00
 2.000000000000000 0.1118049346755183 2.023974374523362E-02 5.155165129391575E-03 3.649040336709434E-03 0.000000000000000E+00 0.000000000000000E+00 0.000000000000000E+00 0.000000000000000E+00
 1.900000000000000 0.1205218135071281 2.711819413107873E-02 6.037332345282130E-03 4.730183173341493E-03 0.000000000000000E+00 0.000000000000000E+00 0.000000000000000E+00 0.000000000000000E+00
 1.800000000000000 0.1336236021416791 3.858929744364942E-02 8.150887046395047E-03 6.079507947061457E-03 0.000000000000000E+00 0.000000000000000E+00 0.000000000000000E+00 0.000000000000000E+00
 1.700000000000000 0.1514567800529432 5.349356479123758E-02 1.217585800403519E-02 0.000000000000000E+00 0.000000000000000E+00 0.000000000000000E+00 0.000000000000000E+00 0.000000000000000E+00
 1.600000000000000 0.1631737037264756 4.583771398543816E-02 1.339843182763502E-02 0.000000000000000E+00 0.000000000000000E+00 0.000000000000000E+00 0.000000000000000E+00 0.000000000000000E+00
 1.500000000000000 0.1303901568346440 1.788618622691545E-02 6.860565846652975E-03 0.000000000000000E+00 0.000000000000000E+00 0.000000000000000E+00 0.000000000000000E+00 0.000000000000000E+00
 1.400000000000000 7.068283266260297E-02 7.009823469186105E-03 2.296029863496857E-03 0.000000000000000E+00 0.000000000000000E+00 0.000000000000000E+00 0.000000000000000E+00 0.000000000000000E+00
 1.300000000000000 3.568836406995148E-02 3.580041989318468E-03 0.000000000000000E+00 0.000000000000000E+00 0.000000000000000E+00 0.000000000000000E+00 0.000000000000000E+00 0.000000000000000E+00
 1.200000000000000 1.965325800888434E-02 2.250191755373084E-03 0.000000000000000E+00 0.000000000000000E+00 0.000000000000000E+00 0.000000000000000E+00 0.000000000000000E+00 0.000000000000000E+00
 1.100000000000000 1.188652346206059E-02 1.621550496908118E-03 0.000000000000000E+00 0.000000000000000E+00 0.000000000000000E+00 0.000000000000000E+00 0.000000000000000E+00 0.000000000000000E+00
 1.000000000000000 7.718066089314075E-03 1.255144716956277E-03 0.000000000000000E+00 0.000000000000000E+00 0.000000000000000E+00 0.000000000000000E+00 0.000000000000000E+00 0.000000000000000E+00
 0.9000000000000000 5.234440285029930E-03 9.549052639375683E-04 0.000000000000000E+00 0.000000000000000E+00 0.000000000000000E+00 0.000000000000000E+00 0.000000000000000E+00 0.000000000000000E+00
 0.8000000000000000 3.578259946220510E-03 5.867047708726291E-04 0.000000000000000E+00 0.000000000000000E+00 0.000000000000000E+00 0.000000000000000E+00 0.000000000000000E+00 0.000000000000000E+00
 0.7000000000000001 2.355318924989011E-03 0.000000000000000E+00 0.000000000000000E+00 0.000000000000000E+00 0.000000000000000E+00 0.000000000000000E+00 0.000000000000000E+00 0.000000000000000E+00
 0.6000000000000001 1.462707150465769E-03 0.000000000000000E+00 0.000000000000000E+00 0.000000000000000E+00 0.000000000000000E+00 0.000000000000000E+00 0.000000000000000E+00 0.000000000000000E+00
 0.5000000000000000 9.106459370208103E-04 0.000000000000000E+00 0.000000000000000E+00 0.000000000000000E+00 0.000000000000000E+00 0.000000000000000E+00 0.000000000000000E+00 0.000000000000000E+00
 0.4000000000000000 6.139594279958597E-04 0.000000000000000E+00 0.000000000000000E+00 0.000000000000000E+00 0.000000000000000E+00 0.000000000000000E+00 0.000000000000000E+00 0.000000000000000E+00
 0.3000000000000000 4.452436719999517E-04 0.000000000000000E+00 0.000000000000000E+00 0.000000000000000E+00 0.000000000000000E+00 0.000000000000000E+00 0.000000000000000E+00 0.000000000000000E+00
 0.2000000000000000 3.346116950698958E-04 0.000000000000000E+00 0.000000000000000E+00 0.000000000000000E+00 0.000000000000000E+00 0.000000000000000E+00 0.000000000000000E+00 0.000000000000000E+00
 0.1000000000000000 2.703267700277983E-04 0.000000000000000E+00 0.000000000000000E+00 0.000000000000000E+00 0.000000000000000E+00 0.000000000000000E+00 0.000000000000000E+00 0.000000000000000E+00
