 4.000000000000000 6.214220519201268E-02 0.1144873324578731 4.128924498432006E-02 2.473913248297619E-02 1.026407829238644E-02 2.059910842510497E-03 2.949086602090541E-03 4.012944286148042E-03
 3.900000000000000 6.345056866941777E-02 0.1132405240771850 4.297671192082762E-02 3.106958136278328E-02 1.279044157673084E-02 2.210651276902952E-03 2.939954671652787E-03 3.178856248141891E-03
 3.800000000000000 6.549226642540809E-02 0.1120132954054259 4.657409456439008E-02 4.127120573761033E-02 1.904775113227655E-02 2.910596446929644E-03 3.567514686884515E-03 2.840814684596057E-03
 3.700000000000000 6.858613039043328E-02 0.1108750275495760 5.324347123294502E-02 5.676232598182376E-02 3.514881211430824E-02 5.282069156601262E-03 5.627333106817086E-03 2.299928411277344E-03
 3.600000000000000 7.329994327329160E-02 0.1099603572549100 6.582301962290316E-02 6.910587626884006E-02 6.813677993731569E-02 1.727291138895821E-02 1.335691741112033E-02 0.000000000000000E+00
 3.500000000000000 8.074093877385058E-02 0.1095834449723584 8.901061361017731E-02 5.093136793176502E-02 3.101902299829946E-02 4.237451026467458E-02 3.343757478724340E-02 0.000000000000000E+00
 3.400000000000000 9.335984922563635E-02 0.1107212270347495 0.1206343158000843 2.710253406299131E-02 6.549167664137255E-03 1.133202602250625E-02 8.383821517808044E-03 0.000000000000000E+00
 3.300000000000000 0.1173296458195248 0.1185418097261773 0.1076963718660778 1.627514901496345E-02 2.865670611481339E-03 4.160628255199881E-03 0.000000000000000E+00 0.000000000000000E+00
 3.200000000000000 0.1393307112129264 0.2288522609836705 6.385842422770110E-02 1.187298284335559E-02 1.871722473035098E-03 2.326853175188372E-03 0.000000000000000E+00 0.000000000000000E+00
 3.100000000000000 9.384020154140614E-02 0.1090580800784720 3.714481272088447E-02 1.018079281147709E-02 1.531824544533358E-03 1.658124724620015E-03 0.000000000000000E+00 0.000000000000000E+00
 3.000000000000000 9.230416913957727E-02 2.964235797756571E-02 2.282473975348636E-02 9.823508791622847E-03 1.459902661644060E-03 1.369567121910719E-03 0.000000000000000E+00 0.000000000000000E+00
 2.900000000000000 9.183259558819687E-02 1.338823004142640E-02 1.439502040686975E-02 1.011500844597464E-02 1.582899746017232E-03 1.247659417824990E-03 0.000000000000000E+00 0.000000000000000E+00
 2.800000000000000 9.125923729133907E-02 7.937517767140799E-03 9.084307463424098E-03 1.041064225620399E-02 1.961429503115981E-03 1.218930212611456E-03 0.000000000000000E+00 0.000000000000000E+00
 2.700000000000000 9.072026188060850E-02 5.781235488924756E-03 5.800423485646531E-03 1.001680156944212E-02 2.799179626665951E-03 1.241066014507154E-03 0.000000000000000E+00 0.000000000000000E+00
 2.600000000000000 9.035879271285832E-02 4.937531428170509E-03 3.893685765035732E-03 8.394219767760570E-03 4.359191657484996E-03 1.164923121336396E-03 0.000000000000000E+00 0.000000000000000E+00
 2.500000000000000 9.030317226552828E-02 4.739083933955778E-03 2.835381200015124E-03 5.833504533438565E-03 6.084867929395613E-03 0.000000000000000E+00 0.000000000000000E+00 0.000000000000000E+00
 2.400000000000000 9.068690854497616E-02 4.946191274722245E-03 2.262054370735298E-03 3.730913883213157E-03 6.185468804952824E-03 0.000000000000000E+00 0.000000000000000E+00 0.000000000000000E+00
 2.300000000000000 9.166667714834167E-02 5.501645875906745E-03 1.968788323857147E-03 2.587928738271893E-03 4.378746092211032E-03 0.000000000000000E+00 0.000000000000000E+00 0.000000000000000E+00
 2.200000000000000 9.343826602399766E-02 6.465521539561229E-03 1.854459691446907E-03 2.045870320027995E-03 2.329102916927046E-03 0.000000000000000E+00 0.000000000000000E+00 0.000000000000000E+00
 2.100000000000000 9.624504899197764E-02 8.030620036493647E-03 1.881274829795061E-03 1.813799442078453E-03 7.328263469623827E-04 0.000000000000000E+00 0.000000000000000E+00 0.000000000000000E+00
 2.000000000000000 0.1003431704606107 1.062081405024594E-02 2.057970987335290E-03 1.762340160107738E-03 0.000000000000000E+00 0.000000000000000E+00 0.000000000000000E+00 0.000000000000000E+00
 1.900000000000000 0.1057605586135220 1.514739636008611E-02 2.451317221454432E-03 1.849067726655210E-03 0.000000000000000E+00 0.000000000000000E+00 0.000000000000000E+00 0.000000000000000E+00
 1.800000000000000 0.1111794489055762 2.355981715693646E-02 3.245755467083822E-03 2.080876357570259E-03 0.000000000000000E+00 0.000000000000000E+00 0.000000000000000E+00 0.000000000000000E+00
 1.700000000000000 0.1100945117118770 3.911918330293181E-02 4.945707989138066E-03 2.502476533099817E-03 0.000000000000000E+00 0.000000000000000E+00 0.000000000000000E+00 0.000000000000000E+00
 1.600000000000000 8.838882249169779E-02 5.985200313680720E-02 9.031896083948139E-03 3.156515267930879E-03 0.000000000000000E+00 0.000000000000000E+00 0.000000000000000E+00 0.000000000000000E+00
 1.500000000000000 5.163175815214826E-02 6.141399384534704E-02 1.822112314384031E-02 3.594729625700537E-03 0.000000000000000E+00 0.000000000000000E+00 0.000000000000000E+00 0.000000000000000E+00
 1.400000000000000 2.547388422000288E-02 3.239679810487200E-02 1.925771408183959E-02 0.000000000000000E+00 0.000000000000000E+00 0.000000000000000E+00 0.000000000000000E+00 0.000000000000000E+00
 1.300000000000000 1.146757911450464E-02 1.345267034948678E-02 7.141640245524434E-03 0.000000000000000E+00 0.000000000000000E+00 0.000000000000000E+00 0.000000000000000E+00 0.000000000000000E+00
 1.200000000000000 4.693927733028544E-03 7.231048092173114E-03 2.404222160565067E-03 0.000000000000000E+00 0.000000000000000E+00 0.000000000000000E+00 0.000000000000000E+00 0.000000000000000E+00
 1.100000000000000 2.232665607587409E-03 4.846724762721588E-03 1.076159269933514E-03 0.000000000000000E+00 0.000000000000000E+00 0.000000000000000E+00 0.000000000000000E+00 0.000000000000000E+00
 1.000000000000000 1.370521084419247E-03 3.421615926490826E-03 6.223121392855481E-04 0.000000000000000E+00 0.000000000000000E+00 0.000000000000000E+00 0.000000000000000E+00 0.000000000000000E+00
 0.9000000000000000 9.907905006181067E-04 1.490930940721168E-03 0.000000000000000E+00 0.000000000000000E+00 0.000000000000000E+00 0.000000000000000E+00 0.000000000000000E+00 0.000000000000000E+00
 0.8000000000000000 7.837792551557341E-04 0.000000000000000E+00 0.000000000000000E+00 0.000000000000000E+00 0.000000000000000E+00 0.000000000000000E+00 0.000000000000000E+00 0.000000000000000E+00
 0.7000000000000001 6.532850212169159E-04 0.000000000000000E+00 0.000000000000000E+00 0.000000000000000E+00 0.000000000000000E+00 0.000000000000000E+00 0.000000000000000E+00 0.000000000000000E+00
 0.6000000000000001 5.597676876010693E-04 0.000000000000000E+00 0.000000000000000E+00 0.000000000000000E+00 0.000000000000000E+00 0.000000000000000E+00 0.000000000000000E+00 0.000000000000000E+00
 0.5000000000000000 4.813327269708214E-04 0.000000000000000E+00 0.000000000000000E+00 0.000000000000000E+00 0.000000000000000E+00 0.000000000000000E+00 0.000000000000000E+00 0.000000000000000E+00
 0.4000000000000000 4.072668410791756E-04 0.000000000000000E+00 0.000000000000000E+00 0.000000000000000E+00 0.000000000000000E+00 0.000000000000000E+00 0.000000000000000E+00 0.000000000000000E+00
 0.3000000000000000 3.439951136122191E-04 0.000000000000000E+00 0.000000000000000E+00 0.000000000000000E+00 0.000000000000000E+00 0.000000000000000E+00 0.000000000000000E+00 0.000000000000000E+00
 0.2000000000000000 3.020757237107132E-04 0.000000000000000E+00 0.000000000000000E+00 0.000000000000000E+00 0.000000000000000E+00 0.000000000000000E+00 0.000000000000000E+00 0.000000000000000E+00
 0.1000000000000000 2.759956507877493E-04 0.000000000000000E+00 0.000000000000000E+00 0.000000000000000E+00 0.000000000000000E+00 0.000000000000000E+00 0.000000000000000E+00 0.000000000000000E+00
