 4.000000000000000 2.260577522771377E-12 3.365739407198882E-12 2.758353648722305E-12 7.599838451811696E-13
 3.900000000000000 2.552205181652742E-12 3.614446776769936E-12 3.037237197269960E-12 6.919068274875575E-13
 3.800000000000000 2.999740613165802E-12 4.002542371717822E-12 3.465052511630801E-12 6.202461953957245E-13
 3.700000000000000 3.353950399478726E-12 4.590182379785108E-12 3.923677360125380E-12 5.584786844812343E-13
 3.600000000000000 2.947888945233497E-12 5.382141036001865E-12 3.983209015569916E-12 5.403037952799465E-13
 3.500000000000000 3.365437998903387E-12 5.569645267169674E-12 4.329468307141794E-12 5.775565338394096E-13
 3.400000000000000 3.752933248541898E-12 3.518937484001611E-12 3.634052487685066E-12 5.255288176847423E-13
 3.300000000000000 3.502654700598321E-12 3.297517468871559E-12 3.398538665757394E-12 6.745702063181482E-13
 3.200000000000000 3.045089270929614E-12 3.725859249884685E-12 3.368319169380733E-12 1.170238123629646E-12
 3.100000000000000 2.624588265151626E-12 6.975838226433207E-12 4.278867040314847E-12 4.685346019481526E-12
 3.000000000000000 2.288350196858935E-12 1.063053387846093E-11 4.932178453127143E-12 1.432035366831602E-11
 2.900000000000000 2.027654878117385E-12 6.900527844578218E-12 3.740573344508014E-12 1.533701268770983E-11
 2.800000000000000 1.855324088714649E-12 4.186885615869389E-12 2.787118537094421E-12 1.414513987906597E-11
 2.700000000000000 1.728269698572455E-12 2.745734913564562E-12 2.178387121570932E-12 1.217657187171610E-11
 2.600000000000000 1.635493443291381E-12 2.173469426535815E-12 1.885389879121452E-12 9.994668519819082E-12
 2.500000000000000 1.578625306239542E-12 2.072762305401401E-12 1.808898844359757E-12 7.989761596015813E-12
 2.400000000000000 1.567996696561888E-12 2.245149888002531E-12 1.876269598878120E-12 6.348703145232264E-12
 2.300000000000000 1.628577564244853E-12 2.559489858184177E-12 2.041648294626425E-12 5.081627337313369E-12
 2.200000000000000 1.820231387943611E-12 3.015526212471183E-12 2.342851993427404E-12 4.125177003629162E-12
 2.100000000000000 2.142543654716471E-12 3.628122355227362E-12 2.788083666378640E-12 3.399535054520794E-12
 2.000000000000000 2.646118299019425E-12 4.479351175341217E-12 3.442803089461343E-12 2.835215053045651E-12
 1.900000000000000 3.402752354545610E-12 5.670689491538130E-12 4.392715790855177E-12 2.369383421445043E-12
 1.800000000000000 4.435901439634839E-12 7.457366651780187E-12 5.751534009854813E-12 1.931885355656078E-12
 1.700000000000000 5.141256540024843E-12 1.030690199364753E-11 7.279452402635478E-12 1.439725271111173E-12
 1.600000000000000 5.421780871481645E-12 1.516317298548224E-11 9.067050305565469E-12 9.093382365208249E-13
 1.500000000000000 6.232447167258429E-12 2.080676511601374E-11 1.138758377826971E-11 6.290923221694645E-13
 1.400000000000000 1.436512388701775E-11 1.919590139599418E-11 1.660576712098641E-11 9.729318936066900E-13
 1.300000000000000 1.710072527702112E-11 1.247876489931665E-11 1.460807757166384E-11 1.829604255202410E-12
 1.200000000000000 1.499995225344749E-11 7.281119858948824E-12 1.045066745408449E-11 2.428829986436293E-12
 1.100000000000000 1.271224528739723E-11 4.532583348702083E-12 7.590738522322661E-12 2.141790100399907E-12
 1.000000000000000 1.114182735797314E-11 3.227735259842954E-12 5.996904953591708E-12 1.634556843515837E-12
 0.9000000000000000 1.005917769242370E-11 1.731809549881722E-12 4.173796831626637E-12 1.023033529701594E-12
 0.8000000000000000 8.949142496688479E-12 7.165489569958167E-13 2.532291200081276E-12 2.802291131643190E-13
 0.7000000000000001 7.391684811647790E-12 6.270149239434086E-13 2.152834570975900E-12 2.431090030122027E-13
 0.6000000000000001 5.419106230399190E-12 5.768269888529829E-13 1.768017740056814E-12 2.414400360970998E-13
 0.5000000000000000 3.425892038072703E-12 5.246412951225968E-13 1.340658209912077E-12 2.539288401937222E-13
 0.4000000000000000 1.943690673119895E-12 4.356120591856138E-13 9.201603645765392E-13 2.538958592961652E-13
 0.3000000000000000 9.860772027126473E-13 3.209012905154624E-13 5.625241745012971E-13 2.272729613745460E-13
 0.2000000000000000 3.914347369502776E-13 2.317154896063007E-13 3.011668835070468E-13 2.026268016922059E-13
 0.1000000000000000 8.526144591937826E-14 1.778775484491012E-13 1.231507083916476E-13 2.119626958511315E-13
