 4.000000000000000 1071.305765939786 133.9368127883071 496.2870110206363 866.6244217818988 1152.499943461819 1439.645092995969 1520.848377930654 1604.762746087002 1695.225353059764
 3.900000000000000 1102.421436489256 135.6706777134013 581.5673878539085 881.5058287323046 1255.325628042004 1454.663101368145 1539.458753987734 1634.984224068925 0.000000000000000E+00
 3.800000000000000 1148.173386767085 137.4888211234562 688.4674311915801 902.0904201484183 1386.963090299399 1475.702777957344 1565.370254147201 1679.377415942791 0.000000000000000E+00
 3.700000000000000 1168.288387578518 139.3975227630941 774.1721494005322 928.6654637895646 1440.563557837166 1498.588884195644 1590.895124108693 1705.193210072486 0.000000000000000E+00
 3.600000000000000 1072.500113537968 141.4048034811722 798.0938691465133 957.8636791557412 1425.815220684409 1510.238421743226 1605.355808557197 1696.791967055292 0.000000000000000E+00
 3.500000000000000 937.0919399918579 143.5209293058569 797.1352217720179 985.6562648913551 1425.346015668103 1518.081509825886 1618.131232744244 0.000000000000000E+00 0.000000000000000E+00
 3.400000000000000 891.2861877638945 145.7591723597486 798.2715933580953 1012.390455738003 1431.408071262721 1526.834182176455 1632.290293096239 0.000000000000000E+00 0.000000000000000E+00
 3.300000000000000 884.1745193406633 148.1366226562359 802.6884304771605 1040.180011929773 1438.618865424190 1536.401828382154 1647.346655967582 0.000000000000000E+00 0.000000000000000E+00
 3.200000000000000 885.9378075313385 150.6753327497440 808.3755705436413 1070.346366910885 1446.130214470812 1546.811790176277 1662.839657339628 0.000000000000000E+00 0.000000000000000E+00
 3.100000000000000 885.8084500998519 153.4037778513537 814.4286507062451 1103.554330922694 1454.018080997462 1558.372425602691 1678.032957468257 0.000000000000000E+00 0.000000000000000E+00
 3.000000000000000 877.2691937010735 156.3587715092532 820.6266831168123 1140.121349350891 1462.541431094757 1571.541773362032 1690.548172574203 0.000000000000000E+00 0.000000000000000E+00
 2.900000000000000 856.1991387873821 159.5882301207134 827.0146379002651 1179.950043680008 1472.005217978331 1586.866042408707 0.000000000000000E+00 0.000000000000000E+00 0.000000000000000E+00
 2.800000000000000 826.3224068422734 163.1549311438002 833.7399447587870 1222.224121487965 1482.717184065295 1604.859246639228 0.000000000000000E+00 0.000000000000000E+00 0.000000000000000E+00
 2.700000000000000 785.1642219993793 167.1422023925963 841.0043152010372 1265.086962240251 1494.926913392632 1625.678908586241 0.000000000000000E+00 0.000000000000000E+00 0.000000000000000E+00
 2.600000000000000 736.8049069222786 171.6623121309959 849.0619042767844 1305.775610092459 1508.730734027459 1648.540379177309 0.000000000000000E+00 0.000000000000000E+00 0.000000000000000E+00
 2.500000000000000 688.2403417289637 176.8696025032465 858.2413155238590 1341.662247799289 1524.013070317660 1671.110334055664 0.000000000000000E+00 0.000000000000000E+00 0.000000000000000E+00
 2.400000000000000 647.1095416544308 182.9814200203805 868.9899323749706 1371.591857196559 1540.539798250356 1688.803024236976 0.000000000000000E+00 0.000000000000000E+00 0.000000000000000E+00
 2.300000000000000 621.2805790585427 190.3131233890101 881.9527431426089 1396.162512875165 1558.179270043886 0.000000000000000E+00 0.000000000000000E+00 0.000000000000000E+00 0.000000000000000E+00
 2.200000000000000 620.6290397376242 199.3391445217243 898.1166976571160 1416.942399369954 1577.072023592212 0.000000000000000E+00 0.000000000000000E+00 0.000000000000000E+00 0.000000000000000E+00
 2.100000000000000 641.8730018937758 210.8053549146807 919.0933417330881 1435.716537075587 1597.680355906602 0.000000000000000E+00 0.000000000000000E+00 0.000000000000000E+00 0.000000000000000E+00
 2.000000000000000 687.9057662948522 225.9491743984337 947.7086118458825 1454.312143156390 1620.818384603379 0.000000000000000E+00 0.000000000000000E+00 0.000000000000000E+00 0.000000000000000E+00
 1.900000000000000 762.4387311118800 246.9590757360462 989.3164493748045 1474.968898843969 1647.719272566205 0.000000000000000E+00 0.000000000000000E+00 0.000000000000000E+00 0.000000000000000E+00
 1.800000000000000 865.9605078785129 277.9831490023461 1054.646143880565 1501.421190067953 1678.989353382571 0.000000000000000E+00 0.000000000000000E+00 0.000000000000000E+00 0.000000000000000E+00
 1.700000000000000 959.6763263651253 327.2021654708163 1162.103637975230 1540.882176783140 0.000000000000000E+00 0.000000000000000E+00 0.000000000000000E+00 0.000000000000000E+00 0.000000000000000E+00
 1.600000000000000 959.4886244942330 408.0721806689888 1302.974922845405 1597.811350218370 0.000000000000000E+00 0.000000000000000E+00 0.000000000000000E+00 0.000000000000000E+00 0.000000000000000E+00
 1.500000000000000 661.4808470837241 520.5733551427053 1397.793497876670 1650.589395764970 0.000000000000000E+00 0.000000000000000E+00 0.000000000000000E+00 0.000000000000000E+00 0.000000000000000E+00
 1.400000000000000 648.5347721291697 625.3551195651934 1447.938363187873 1684.221282610160 0.000000000000000E+00 0.000000000000000E+00 0.000000000000000E+00 0.000000000000000E+00 0.000000000000000E+00
 1.300000000000000 712.3079234840919 702.6853935590555 1482.920103575976 0.000000000000000E+00 0.000000000000000E+00 0.000000000000000E+00 0.000000000000000E+00 0.000000000000000E+00 0.000000000000000E+00
 1.200000000000000 770.3966101338618 762.2637579408853 1514.706100412022 0.000000000000000E+00 0.000000000000000E+00 0.000000000000000E+00 0.000000000000000E+00 0.000000000000000E+00 0.000000000000000E+00
 1.100000000000000 823.4525157784469 815.1925322356880 1548.625295659298 0.000000000000000E+00 0.000000000000000E+00 0.000000000000000E+00 0.000000000000000E+00 0.000000000000000E+00 0.000000000000000E+00
 1.000000000000000 878.4797914135594 869.5227965847845 1587.922128738652 0.000000000000000E+00 0.000000000000000E+00 0.000000000000000E+00 0.000000000000000E+00 0.000000000000000E+00 0.000000000000000E+00
 0.9000000000000000 941.0810307501016 931.8935804148721 1633.510815873584 0.000000000000000E+00 0.000000000000000E+00 0.000000000000000E+00 0.000000000000000E+00 0.000000000000000E+00 0.000000000000000E+00
 0.8000000000000000 1013.775523591139 1008.073334249992 1677.712824476925 0.000000000000000E+00 0.000000000000000E+00 0.000000000000000E+00 0.000000000000000E+00 0.000000000000000E+00 0.000000000000000E+00
 0.7000000000000001 1100.472325964524 1100.472325961109 0.000000000000000E+00 0.000000000000000E+00 0.000000000000000E+00 0.000000000000000E+00 0.000000000000000E+00 0.000000000000000E+00 0.000000000000000E+00
 0.6000000000000001 1203.565738163336 1203.565738163288 0.000000000000000E+00 0.000000000000000E+00 0.000000000000000E+00 0.000000000000000E+00 0.000000000000000E+00 0.000000000000000E+00 0.000000000000000E+00
 0.5000000000000000 1307.354611307141 1307.354611305771 0.000000000000000E+00 0.000000000000000E+00 0.000000000000000E+00 0.000000000000000E+00 0.000000000000000E+00 0.000000000000000E+00 0.000000000000000E+00
 0.4000000000000000 1408.723064830394 1408.723064827827 0.000000000000000E+00 0.000000000000000E+00 0.000000000000000E+00 0.000000000000000E+00 0.000000000000000E+00 0.000000000000000E+00 0.000000000000000E+00
 0.3000000000000000 1509.530985061655 1509.530984952909 0.000000000000000E+00 0.000000000000000E+00 0.000000000000000E+00 0.000000000000000E+00 0.000000000000000E+00 0.000000000000000E+00 0.000000000000000E+00
 0.2000000000000000 1602.688737742118 1602.688737739935 0.000000000000000E+00 0.000000000000000E+00 0.000000000000000E+00 0.000000000000000E+00 0.000000000000000E+00 0.000000000000000E+00 0.000000000000000E+00
 0.1000000000000000 1668.532606086448 1668.532605814274 0.000000000000000E+00 0.000000000000000E+00 0.000000000000000E+00 0.000000000000000E+00 0.000000000000000E+00 0.000000000000000E+00 0.000000000000000E+00
