 4.000000000000000 342.0588916461568 161.5961267832950 241.3513310123175 705.5578343774596 997.9504690415249 1291.889359731725 1476.006581771991 1568.661368652578 1669.847183951820
 3.900000000000000 353.8471677154639 165.7045233096566 245.2294217368010 717.2620438734300 1030.348000809961 1306.665957250490 1480.633357561473 1577.091348018911 1678.941893484214
 3.800000000000000 378.8074794935976 170.5671086950697 249.3087955474713 731.5877403659680 1074.395935927279 1329.997272491107 1486.523065761623 1587.120454518154 1687.452991090331
 3.700000000000000 423.1033485419932 176.4843501034369 253.6297702353469 750.5194818112661 1136.315308932120 1376.018597898329 1496.171314928964 1600.938308092836 1693.919350936871
 3.600000000000000 495.3336519458753 183.9520938996077 258.2618270872918 778.5477150269766 1211.561807521667 1473.753345157605 1524.662153818193 1628.002568078608 0.000000000000000E+00
 3.500000000000000 579.0958428913262 193.8665430228358 263.3492679623739 825.2718285987213 1254.445722979116 1498.820635507705 1603.944245658176 1693.891480548673 0.000000000000000E+00
 3.400000000000000 592.8035590571470 208.0751440416184 269.2955626491373 904.1293495280505 1268.252573138880 1490.115621547916 1603.031606476036 1698.443127153377 0.000000000000000E+00
 3.300000000000000 742.9110281491234 231.1621974067016 278.0386478820355 979.2631920623476 1280.519240640386 1494.594431765025 1611.550771079270 0.000000000000000E+00 0.000000000000000E+00
 3.200000000000000 1038.768366768748 268.2082726380848 326.0895242588337 1024.363776302137 1294.089516506637 1500.298289001141 1622.328781971540 0.000000000000000E+00 0.000000000000000E+00
 3.100000000000000 710.9974101508060 277.4702076383335 621.1973311234458 1066.593049043053 1309.933358658053 1506.568294729691 1633.456809440489 0.000000000000000E+00 0.000000000000000E+00
 3.000000000000000 651.6296414640461 285.3869675860978 638.9061010169031 1107.551822093725 1329.685059104637 1513.640372181827 1644.797148131899 0.000000000000000E+00 0.000000000000000E+00
 2.900000000000000 632.6492395418464 292.8685662938134 657.0526422915020 1144.533171299076 1355.182317062790 1522.012494875441 1656.319461929263 0.000000000000000E+00 0.000000000000000E+00
 2.800000000000000 581.8114928756729 300.6254359249399 671.2017389830884 1175.430685253058 1387.349688019759 1532.601513101581 1667.921575771471 0.000000000000000E+00 0.000000000000000E+00
 2.700000000000000 510.6948268002785 309.0037674070823 682.9247048842273 1199.637174268096 1424.472864091543 1547.212090238318 1679.318945826129 0.000000000000000E+00 0.000000000000000E+00
 2.600000000000000 454.0571324789976 318.2797329118666 693.3349319114718 1218.105963505484 1461.204159947798 1569.017290041918 1689.472679357488 0.000000000000000E+00 0.000000000000000E+00
 2.500000000000000 425.0152840985897 328.7607649196048 703.1970603792219 1232.430849247796 1490.960739290285 1600.291145527819 0.000000000000000E+00 0.000000000000000E+00 0.000000000000000E+00
 2.400000000000000 419.7794894510661 340.8448232531996 713.1207060440651 1244.064768558409 1512.371563354650 1635.847066966256 0.000000000000000E+00 0.000000000000000E+00 0.000000000000000E+00
 2.300000000000000 427.5579077611308 355.0849943769050 723.6972182331942 1254.103277783304 1528.851155528340 1665.346356175021 0.000000000000000E+00 0.000000000000000E+00 0.000000000000000E+00
 2.200000000000000 447.0244903749863 372.2859888013226 735.6203239922926 1263.362778243452 1543.401787217479 1684.044065387506 0.000000000000000E+00 0.000000000000000E+00 0.000000000000000E+00
 2.100000000000000 477.2513845064895 393.6635438493675 749.8450514085050 1272.513333494647 1557.689919358169 1692.482871683369 0.000000000000000E+00 0.000000000000000E+00 0.000000000000000E+00
 2.000000000000000 520.3816122550149 421.1136493997446 767.8685540074614 1282.229880790287 1572.675897131161 0.000000000000000E+00 0.000000000000000E+00 0.000000000000000E+00 0.000000000000000E+00
 1.900000000000000 576.0602441703013 457.6314832768889 792.3185410907703 1293.374773156219 1589.028274689317 0.000000000000000E+00 0.000000000000000E+00 0.000000000000000E+00 0.000000000000000E+00
 1.800000000000000 643.5948358316114 507.6646271283363 828.2918764279644 1307.344469669707 1607.318581622759 0.000000000000000E+00 0.000000000000000E+00 0.000000000000000E+00 0.000000000000000E+00
 1.700000000000000 715.3283062588284 575.6159042834836 886.0250546848696 1326.938119796813 1628.124678410224 0.000000000000000E+00 0.000000000000000E+00 0.000000000000000E+00 0.000000000000000E+00
 1.600000000000000 781.8520062224890 658.0083614584464 981.0212215151383 1359.020964247640 1652.050817380984 0.000000000000000E+00 0.000000000000000E+00 0.000000000000000E+00 0.000000000000000E+00
 1.500000000000000 865.8060479227281 741.8761086983844 1110.845054028495 1421.597580755015 1678.671140716235 0.000000000000000E+00 0.000000000000000E+00 0.000000000000000E+00 0.000000000000000E+00
 1.400000000000000 954.8195750290322 828.4061540380367 1224.463488864749 1525.521734214454 0.000000000000000E+00 0.000000000000000E+00 0.000000000000000E+00 0.000000000000000E+00 0.000000000000000E+00
 1.300000000000000 1033.327212340807 928.8211325344423 1298.866029756745 1606.549116524538 0.000000000000000E+00 0.000000000000000E+00 0.000000000000000E+00 0.000000000000000E+00 0.000000000000000E+00
 1.200000000000000 1140.386322447936 1034.112161495804 1367.278727276410 1648.785010684520 0.000000000000000E+00 0.000000000000000E+00 0.000000000000000E+00 0.000000000000000E+00 0.000000000000000E+00
 1.100000000000000 1257.465323569062 1116.884524039232 1452.217433872940 1673.041125443202 0.000000000000000E+00 0.000000000000000E+00 0.000000000000000E+00 0.000000000000000E+00 0.000000000000000E+00
 1.000000000000000 1362.681793513468 1171.305812571213 1557.367687562244 1688.320310436063 0.000000000000000E+00 0.000000000000000E+00 0.000000000000000E+00 0.000000000000000E+00 0.000000000000000E+00
 0.9000000000000000 1374.855764235657 1208.405979960488 1666.597439130904 0.000000000000000E+00 0.000000000000000E+00 0.000000000000000E+00 0.000000000000000E+00 0.000000000000000E+00 0.000000000000000E+00
 0.8000000000000000 1238.300891882945 1238.300891882846 0.000000000000000E+00 0.000000000000000E+00 0.000000000000000E+00 0.000000000000000E+00 0.000000000000000E+00 0.000000000000000E+00 0.000000000000000E+00
 0.7000000000000001 1267.697873148288 1267.697873145505 0.000000000000000E+00 0.000000000000000E+00 0.000000000000000E+00 0.000000000000000E+00 0.000000000000000E+00 0.000000000000000E+00 0.000000000000000E+00
 0.6000000000000001 1301.708707851385 1301.708707843783 0.000000000000000E+00 0.000000000000000E+00 0.000000000000000E+00 0.000000000000000E+00 0.000000000000000E+00 0.000000000000000E+00 0.000000000000000E+00
 0.5000000000000000 1344.172896047250 1344.172896059420 0.000000000000000E+00 0.000000000000000E+00 0.000000000000000E+00 0.000000000000000E+00 0.000000000000000E+00 0.000000000000000E+00 0.000000000000000E+00
 0.4000000000000000 1394.599562940474 1394.599562962580 0.000000000000000E+00 0.000000000000000E+00 0.000000000000000E+00 0.000000000000000E+00 0.000000000000000E+00 0.000000000000000E+00 0.000000000000000E+00
 0.3000000000000000 1444.562717167345 1444.562717168450 0.000000000000000E+00 0.000000000000000E+00 0.000000000000000E+00 0.000000000000000E+00 0.000000000000000E+00 0.000000000000000E+00 0.000000000000000E+00
 0.2000000000000000 1484.458422052643 1484.458421831691 0.000000000000000E+00 0.000000000000000E+00 0.000000000000000E+00 0.000000000000000E+00 0.000000000000000E+00 0.000000000000000E+00 0.000000000000000E+00
 0.1000000000000000 1515.555218123030 1515.555218523920 0.000000000000000E+00 0.000000000000000E+00 0.000000000000000E+00 0.000000000000000E+00 0.000000000000000E+00 0.000000000000000E+00 0.000000000000000E+00
