 4.000000000000000 0.1793341219950970
 3.900000000000000 0.1755402039332901
 3.800000000000000 0.1742926808284075
 3.700000000000000 0.1787135446616412
 3.600000000000000 0.1984190480276028
 3.500000000000000 0.2482363445730794
 3.400000000000000 0.3256642857437295
 3.300000000000000 0.6052528881808992
 3.200000000000000 0.8428729723316201
 3.100000000000000 0.5920602175347774
 3.000000000000000 0.6355423175715963
 2.900000000000000 0.6528509734538811
 2.800000000000000 0.6632243194439250
 2.700000000000000 0.6694221132644714
 2.600000000000000 0.6728501542504504
 2.500000000000000 0.6745518048005296
 2.400000000000000 0.6761619648399089
 2.300000000000000 0.6794767329731404
 2.200000000000000 0.6865258935080493
 2.100000000000000 0.6991816984835689
 2.000000000000000 0.7194359920198587
 1.900000000000000 0.7494509552788697
 1.800000000000000 0.7924330467833889
 1.700000000000000 0.8556739203092754
 1.600000000000000 0.9638859177472602
 1.500000000000000 1.081944654767933
 1.400000000000000 0.9848363023369822
 1.300000000000000 1.007777631369397
 1.200000000000000 1.109839133119268
 1.100000000000000 1.234188471301249
 1.000000000000000 1.362664453412480
 0.9000000000000000 1.438500324392336
 0.8000000000000000 1.238300891882945
 0.7000000000000001 1.267697873136596
 0.6000000000000001 1.301708707851385
 0.5000000000000000 1.344172896047250
 0.4000000000000000 1.394599562940474
 0.3000000000000000 1.444562717261537
 0.2000000000000000 1.484458421822661
 0.1000000000000000 1.515555218123031
